0 0.2515625 0.703125 0.0484375 0.02734375
0 0.203125 0.67734375 0.04921875 0.02734375
0 0.30546875 0.73046875 0.059375 0.02890625
0 0.36484375 0.76484375 0.06171875 0.03671875
0 0.425 0.7921875 0.05625 0.04375
0 0.4828125 0.82890625 0.059375 0.03359375
0 0.53984375 0.85546875 0.05078125 0.03359375
0 0.5921875 0.88359375 0.0546875 0.040625
0 0.6484375 0.9125 0.05390625 0.03515625
0 0.703125 0.9375 0.0546875 0.03359375
0 0.75625 0.96796875 0.05 0.04921875
0 0.796875 0.99296875 0.028125 0.0140625
0 0.11640625 0.625 0.01875 0.0234375