0 0.17890625 0.490625 0.0546875 0.053125
0 0.159375 0.4390625 0.0546875 0.053125
0 0.20234375 0.54609375 0.0640625 0.0609375
0 0.22421875 0.6109375 0.0703125 0.06875
0 0.2515625 0.67109375 0.071875 0.0703125
0 0.27109375 0.73671875 0.0671875 0.0640625
0 0.296875 0.79453125 0.0609375 0.059375
0 0.31796875 0.85 0.0671875 0.0671875
0 0.34140625 0.90859375 0.0640625 0.0625
0 0.36640625 0.96328125 0.0640625 0.0609375
0 0.38671875 0.99296875 0.0703125 0.0140625
0 0.128125 0.34296875 0.0296875 0.0296875