2 0.3390625 0.10546875 0.25390625 0.2109375
2 0.6703125 0.0734375 0.23125 0.109375
2 0.79609375 0.1875 0.40390625 0.12421875
2 0.87421875 0.0484375 0.1015625 0.05078125
2 0.9671875 0.08046875 0.065625 0.0734375
2 0.51953125 0.1796875 0.1015625 0.06484375
2 0.52265625 0.3609375 0.24375 0.19375
2 0.73671875 0.284375 0.08828125 0.0546875
2 0.7203125 0.4375 0.1484375 0.17890625
2 0.875 0.41796875 0.07421875 0.10546875
2 0.25546875 0.48203125 0.21796875 0.23359375
2 0.66328125 0.77265625 0.334375 0.165625
2 0.56953125 0.58984375 0.078125 0.07109375
2 0.36875 0.7828125 0.03515625 0.05078125
2 0.4296875 0.7765625 0.04609375 0.071875
2 0.346875 0.859375 0.03515625 0.0390625
2 0.28359375 0.92578125 0.03046875 0.0359375
2 0.45703125 0.9578125 0.1265625 0.04921875
2 0.5875 0.94140625 0.10625 0.08515625
2 0.31171875 0.76015625 0.07734375 0.0953125
2 0.3453125 0.68046875 0.0578125 0.0390625
2 0.31328125 0.2890625 0.10859375 0.1515625
2 0.18828125 0.88984375 0.05078125 0.08203125
2 0.9625 0.28671875 0.075 0.08125