2 0.7203125 0.13515625 0.284375 0.2484375
2 0.39765625 0.06171875 0.2453125 0.1234375
2 0.25625 0.1453125 0.41875 0.1859375
2 0.20078125 0.0140625 0.1078125 0.028125
2 0.10390625 0.0265625 0.0765625 0.053125
2 0.53046875 0.18046875 0.1109375 0.0796875
2 0.49921875 0.359375 0.2703125 0.2296875
2 0.3 0.25 0.0953125 0.0671875
2 0.2921875 0.40390625 0.175 0.2
2 0.1421875 0.36015625 0.0890625 0.115625
2 0.74453125 0.5203125 0.2515625 0.2640625
2 0.29609375 0.74375 0.35625 0.215625
2 0.4171875 0.578125 0.0890625 0.0828125
2 0.58515625 0.8 0.0421875 0.05625
2 0.5265625 0.784375 0.05625 0.078125
2 0.5953125 0.87890625 0.040625 0.04375
2 0.646875 0.9546875 0.0359375 0.040625
2 0.47109375 0.95859375 0.1328125 0.06875
2 0.34453125 0.92265625 0.11875 0.1
2 0.6453125 0.78671875 0.090625 0.10625
2 0.62421875 0.70234375 0.0625 0.046875
2 0.7171875 0.32109375 0.13125 0.1671875
2 0.746875 0.93359375 0.0625 0.0890625
2 0.0765625 0.2171875 0.0875 0.0921875