2 0.17265625 0.22734375 0.3234375 0.3046875
2 0.45 0.07265625 0.25625 0.1453125
2 0.6140625 0.1171875 0.415625 0.234375
2 0.3671875 0.2078125 0.1203125 0.1046875
2 0.4546875 0.36640625 0.30625 0.2859375
2 0.6078125 0.1984375 0.103125 0.0890625
2 0.66484375 0.34140625 0.215625 0.228125
2 0.79296875 0.2515625 0.115625 0.128125
2 0.27578125 0.59921875 0.3015625 0.3078125
2 0.771875 0.6640625 0.3734375 0.303125
2 0.60390625 0.546875 0.103125 0.1
2 0.5171875 0.8109375 0.0546875 0.0609375
2 0.56796875 0.77734375 0.075 0.084375
2 0.53359375 0.8890625 0.05 0.0515625
2 0.50859375 0.97734375 0.04375 0.0453125
2 0.67734375 0.92421875 0.134375 0.103125
2 0.784375 0.8484375 0.134375 0.125
2 0.45625 0.81796875 0.1125 0.1203125
2 0.4484375 0.73203125 0.06875 0.0609375
2 0.2359375 0.4015625 0.1671875 0.184375
2 0.40703125 0.97109375 0.0828125 0.0578125
2 0.80859375 0.09453125 0.1046875 0.10625