0 0.09765625 0.28671875 0.0984375 0.0890625
0 0.1515625 0.35859375 0.0890625 0.0859375
0 0.190625 0.41328125 0.071875 0.0671875
0 0.228125 0.465625 0.0578125 0.0546875
0 0.2578125 0.51484375 0.059375 0.053125
0 0.29140625 0.56796875 0.0671875 0.0625
0 0.3234375 0.6125 0.0671875 0.0625
0 0.35859375 0.6734375 0.0734375 0.06875
0 0.38671875 0.72265625 0.0640625 0.0578125
0 0.425 0.77265625 0.071875 0.06875
0 0.4640625 0.828125 0.071875 0.0671875
0 0.50078125 0.8875 0.0578125 0.05625
0 0.546875 0.95390625 0.1125 0.0921875