0 0.9390625 0.61796875 0.0921875 0.071875
0 0.8515625 0.634375 0.0796875 0.0734375
0 0.78515625 0.64765625 0.065625 0.05625
0 0.721875 0.66015625 0.053125 0.046875
0 0.6671875 0.67578125 0.0546875 0.04375
0 0.60625 0.6921875 0.0625 0.0515625
0 0.55234375 0.703125 0.0625 0.0515625
0 0.48515625 0.7234375 0.0671875 0.059375
0 0.43125 0.73984375 0.059375 0.0484375
0 0.36953125 0.75078125 0.065625 0.0578125
0 0.30234375 0.76484375 0.065625 0.05625
0 0.23515625 0.7828125 0.05 0.05
0 0.1546875 0.8015625 0.1078125 0.075
0 0.05078125 0.8265625 0.0953125 0.071875