0 0.0453125 0.51640625 0.08203125 0.05546875
0 0.12734375 0.5515625 0.06796875 0.06015625
0 0.1890625 0.5796875 0.05703125 0.04453125
0 0.24765625 0.60625 0.0453125 0.0375
0 0.29765625 0.63359375 0.04921875 0.0328125
0 0.353125 0.66328125 0.0546875 0.03984375
0 0.403125 0.6859375 0.0546875 0.03984375
0 0.4640625 0.72109375 0.0578125 0.046875
0 0.51328125 0.74921875 0.0515625 0.0375
0 0.57109375 0.7734375 0.05625 0.04609375
0 0.6328125 0.80234375 0.05703125 0.04453125
0 0.69453125 0.83515625 0.0421875 0.04140625
0 0.76875 0.871875 0.09765625 0.0546875
0 0.8640625 0.91953125 0.0859375 0.053125
0 0.95390625 0.96640625 0.0921875 0.06484375